276
17333
8940.746323
0.0802 0.0458 0.0215 0.0451 0.0080 0.0255 0.0406 0.0621 0.0274 0.0426 0.0860 0.0279 0.0183 0.0319 0.0440 0.0462 0.0349 0.0132 0.0225 0.0580 0.2186
0.000 0.000 0.000 0.000 0.000 0.000 0.000 0.000 0.000 0.000 0.000 0.000 0.000 0.000 0.000 0.000 0.000 0.000 0.000 0.000 0.998  0.0076
0.002 0.000 0.000 0.000 0.000 0.000 0.000 0.000 0.000 0.000 0.000 0.000 0.000 0.000 0.007 0.000 0.000 0.001 0.000 0.000 0.987  0.0307
0.001 0.001 0.000 0.001 0.000 0.000 0.002 0.000 0.000 0.001 0.001 0.001 0.000 0.000 0.001 0.000 0.001 0.000 0.000 0.001 0.987  0.0335
0.000 0.000 0.000 0.000 0.000 0.000 0.000 0.010 0.000 0.000 0.000 0.000 0.000 0.000 0.000 0.000 0.000 0.000 0.000 0.000 0.987  0.0285
0.001 0.003 0.001 0.000 0.000 0.002 0.002 0.000 0.000 0.000 0.000 0.001 0.000 0.000 0.000 0.001 0.000 0.000 0.000 0.000 0.987  0.0344
0.000 0.000 0.000 0.000 0.000 0.000 0.000 0.000 0.000 0.001 0.001 0.000 0.001 0.006 0.000 0.000 0.001 0.000 0.001 0.000 0.986  0.0336
0.001 0.000 0.000 0.000 0.000 0.000 0.000 0.001 0.000 0.002 0.002 0.000 0.000 0.000 0.000 0.000 0.001 0.000 0.000 0.004 0.986  0.0347
0.002 0.001 0.001 0.003 0.000 0.000 0.003 0.000 0.000 0.000 0.000 0.000 0.000 0.000 0.001 0.001 0.002 0.000 0.000 0.000 0.983  0.0425
0.001 0.000 0.000 0.000 0.000 0.000 0.000 0.000 0.000 0.004 0.003 0.000 0.001 0.001 0.000 0.001 0.001 0.000 0.000 0.009 0.978  0.0493
0.003 0.004 0.002 0.002 0.000 0.002 0.002 0.018 0.001 0.001 0.001 0.001 0.001 0.001 0.002 0.003 0.004 0.000 0.000 0.002 0.948  0.1095
0.004 0.003 0.001 0.002 0.001 0.002 0.002 0.009 0.002 0.003 0.005 0.003 0.002 0.001 0.001 0.004 0.005 0.000 0.002 0.004 0.943  0.1245
0.010 0.023 0.005 0.004 0.002 0.005 0.006 0.005 0.002 0.002 0.003 0.008 0.001 0.001 0.006 0.008 0.006 0.000 0.001 0.007 0.894  0.2038
0.002 0.002 0.005 0.008 0.000 0.003 0.001 0.006 0.006 0.022 0.033 0.001 0.004 0.006 0.002 0.002 0.006 0.006 0.001 0.012 0.873  0.2288
0.017 0.009 0.016 0.007 0.002 0.004 0.005 0.020 0.049 0.001 0.001 0.004 0.001 0.006 0.003 0.009 0.006 0.001 0.013 0.004 0.822  0.2988
0.012 0.002 0.001 0.001 0.003 0.001 0.001 0.003 0.002 0.014 0.012 0.001 0.003 0.010 0.001 0.003 0.007 0.006 0.062 0.060 0.795  0.3066
0.010 0.043 0.004 0.015 0.001 0.019 0.032 0.003 0.010 0.010 0.016 0.012 0.003 0.004 0.003 0.009 0.022 0.005 0.012 0.015 0.749  0.4073
0.012 0.020 0.001 0.037 0.003 0.007 0.030 0.003 0.004 0.026 0.022 0.007 0.004 0.005 0.002 0.012 0.019 0.004 0.007 0.046 0.729  0.4233
0.031 0.016 0.005 0.010 0.004 0.013 0.028 0.014 0.015 0.018 0.022 0.013 0.009 0.025 0.008 0.028 0.021 0.032 0.018 0.022 0.649  0.5443
0.018 0.009 0.012 0.010 0.001 0.008 0.014 0.257 0.004 0.002 0.004 0.011 0.005 0.001 0.017 0.013 0.009 0.000 0.001 0.005 0.598  0.4344
0.042 0.022 0.033 0.046 0.002 0.024 0.044 0.043 0.012 0.004 0.006 0.028 0.007 0.003 0.055 0.058 0.033 0.001 0.002 0.008 0.527  0.6348
0.056 0.025 0.029 0.044 0.003 0.017 0.033 0.191 0.010 0.005 0.008 0.033 0.010 0.003 0.042 0.061 0.030 0.000 0.003 0.012 0.384  0.7057
0.075 0.067 0.037 0.042 0.003 0.023 0.036 0.142 0.014 0.008 0.026 0.104 0.013 0.006 0.082 0.032 0.025 0.001 0.005 0.011 0.248  0.8159
0.052 0.051 0.014 0.023 0.003 0.030 0.045 0.043 0.011 0.022 0.029 0.051 0.009 0.008 0.295 0.022 0.050 0.001 0.009 0.031 0.200  0.7868
0.095 0.020 0.023 0.022 0.010 0.005 0.006 0.018 0.013 0.031 0.060 0.022 0.005 0.004 0.244 0.029 0.165 0.008 0.006 0.101 0.112  0.7904
0.034 0.002 0.001 0.000 0.009 0.000 0.000 0.001 0.001 0.205 0.276 0.001 0.025 0.029 0.001 0.001 0.008 0.006 0.005 0.324 0.070  0.5700
0.010 0.001 0.000 0.000 0.005 0.001 0.000 0.001 0.005 0.169 0.313 0.001 0.015 0.028 0.000 0.001 0.004 0.001 0.008 0.377 0.058  0.5169
0.019 0.003 0.001 0.001 0.038 0.003 0.001 0.004 0.004 0.057 0.433 0.001 0.055 0.240 0.001 0.002 0.004 0.010 0.027 0.037 0.061  0.5910
0.037 0.000 0.003 0.001 0.026 0.004 0.003 0.007 0.004 0.191 0.345 0.001 0.016 0.039 0.005 0.027 0.013 0.005 0.006 0.214 0.052  0.6377
0.019 0.009 0.020 0.001 0.002 0.009 0.002 0.014 0.724 0.002 0.003 0.000 0.014 0.001 0.091 0.022 0.012 0.000 0.002 0.001 0.052  0.3919
0.032 0.002 0.003 0.007 0.006 0.001 0.006 0.827 0.004 0.000 0.002 0.000 0.001 0.001 0.016 0.030 0.005 0.001 0.001 0.000 0.053  0.2725
0.081 0.012 0.051 0.002 0.002 0.006 0.003 0.083 0.007 0.045 0.193 0.004 0.027 0.156 0.017 0.039 0.040 0.093 0.054 0.028 0.058  0.8392
0.081 0.017 0.027 0.008 0.017 0.008 0.009 0.316 0.007 0.010 0.056 0.004 0.027 0.047 0.096 0.077 0.080 0.024 0.011 0.013 0.065  0.7973
0.102 0.025 0.017 0.041 0.038 0.038 0.050 0.207 0.025 0.011 0.050 0.003 0.034 0.035 0.018 0.133 0.058 0.010 0.011 0.034 0.062  0.8787
0.041 0.024 0.117 0.116 0.018 0.025 0.019 0.066 0.051 0.009 0.014 0.005 0.007 0.012 0.036 0.246 0.096 0.012 0.015 0.012 0.059  0.8328
0.126 0.067 0.014 0.013 0.013 0.028 0.018 0.091 0.057 0.026 0.061 0.068 0.023 0.006 0.047 0.151 0.033 0.030 0.012 0.017 0.099  0.8975
0.085 0.103 0.029 0.062 0.004 0.032 0.087 0.062 0.044 0.020 0.054 0.028 0.012 0.034 0.017 0.083 0.050 0.037 0.042 0.023 0.093  0.9405
0.065 0.026 0.052 0.077 0.028 0.038 0.042 0.031 0.038 0.052 0.064 0.014 0.066 0.032 0.010 0.107 0.065 0.012 0.033 0.085 0.064  0.9538
0.014 0.010 0.007 0.007 0.003 0.005 0.008 0.011 0.010 0.012 0.051 0.004 0.030 0.174 0.009 0.012 0.012 0.452 0.096 0.016 0.055  0.6414
0.089 0.140 0.031 0.116 0.005 0.046 0.084 0.057 0.037 0.016 0.058 0.049 0.013 0.023 0.025 0.054 0.039 0.008 0.030 0.025 0.054  0.9214
0.082 0.083 0.030 0.064 0.003 0.036 0.075 0.062 0.044 0.011 0.048 0.060 0.012 0.029 0.147 0.054 0.034 0.008 0.044 0.016 0.056  0.9243
0.039 0.007 0.031 0.008 0.006 0.115 0.011 0.005 0.010 0.076 0.233 0.010 0.032 0.087 0.007 0.012 0.050 0.023 0.024 0.161 0.052  0.8136
0.203 0.029 0.009 0.013 0.014 0.021 0.016 0.035 0.010 0.145 0.122 0.016 0.041 0.043 0.016 0.029 0.035 0.008 0.016 0.125 0.053  0.8448
0.105 0.087 0.032 0.092 0.004 0.060 0.129 0.031 0.016 0.009 0.027 0.070 0.005 0.006 0.154 0.053 0.033 0.006 0.012 0.015 0.054  0.8715
0.163 0.093 0.014 0.038 0.006 0.042 0.085 0.038 0.053 0.024 0.099 0.036 0.014 0.041 0.044 0.034 0.026 0.008 0.056 0.031 0.057  0.9186
0.030 0.006 0.005 0.003 0.004 0.004 0.005 0.005 0.005 0.037 0.617 0.004 0.020 0.114 0.008 0.007 0.005 0.014 0.019 0.026 0.062  0.5164
0.251 0.055 0.029 0.028 0.008 0.040 0.070 0.042 0.017 0.013 0.053 0.047 0.006 0.013 0.028 0.122 0.050 0.003 0.008 0.045 0.073  0.8531
0.137 0.092 0.038 0.087 0.004 0.066 0.098 0.047 0.022 0.005 0.033 0.093 0.007 0.003 0.036 0.068 0.024 0.002 0.005 0.008 0.123  0.8631
0.026 0.088 0.049 0.087 0.003 0.036 0.043 0.331 0.065 0.006 0.015 0.047 0.002 0.010 0.008 0.037 0.029 0.003 0.014 0.007 0.095  0.7809
0.034 0.068 0.011 0.006 0.020 0.007 0.005 0.018 0.090 0.041 0.045 0.005 0.009 0.209 0.003 0.012 0.012 0.030 0.278 0.036 0.061  0.7710
0.055 0.317 0.055 0.053 0.007 0.050 0.053 0.020 0.065 0.008 0.012 0.036 0.003 0.009 0.028 0.051 0.093 0.003 0.016 0.013 0.051  0.8133
0.055 0.006 0.002 0.000 0.063 0.003 0.001 0.009 0.003 0.088 0.109 0.001 0.013 0.024 0.008 0.024 0.048 0.004 0.009 0.509 0.022  0.6020
0.024 0.011 0.002 0.004 0.009 0.004 0.006 0.001 0.038 0.274 0.174 0.003 0.009 0.058 0.001 0.008 0.021 0.022 0.093 0.219 0.020  0.6969
0.336 0.092 0.011 0.002 0.033 0.012 0.003 0.027 0.007 0.047 0.096 0.002 0.021 0.021 0.005 0.062 0.087 0.002 0.015 0.099 0.021  0.7559
0.020 0.002 0.000 0.001 0.003 0.001 0.001 0.003 0.008 0.116 0.145 0.001 0.035 0.140 0.197 0.003 0.005 0.034 0.117 0.143 0.023  0.7284
0.013 0.008 0.042 0.744 0.003 0.010 0.043 0.005 0.011 0.003 0.010 0.002 0.002 0.002 0.006 0.031 0.021 0.002 0.004 0.005 0.031  0.3998
0.042 0.085 0.036 0.003 0.011 0.069 0.003 0.008 0.044 0.027 0.366 0.012 0.050 0.065 0.018 0.017 0.017 0.024 0.050 0.027 0.028  0.7873
0.045 0.377 0.004 0.003 0.003 0.010 0.007 0.004 0.008 0.028 0.065 0.009 0.006 0.013 0.316 0.021 0.012 0.004 0.014 0.021 0.029  0.6184
0.036 0.004 0.045 0.027 0.008 0.003 0.006 0.753 0.005 0.002 0.011 0.002 0.002 0.008 0.004 0.029 0.007 0.007 0.006 0.003 0.033  0.3874
0.039 0.037 0.017 0.004 0.039 0.036 0.005 0.009 0.353 0.018 0.024 0.002 0.020 0.139 0.007 0.052 0.031 0.009 0.085 0.029 0.044  0.7691
0.033 0.007 0.011 0.013 0.004 0.002 0.007 0.802 0.005 0.002 0.007 0.003 0.001 0.002 0.009 0.019 0.009 0.003 0.004 0.004 0.054  0.3233
0.061 0.131 0.030 0.087 0.004 0.056 0.090 0.095 0.030 0.008 0.107 0.086 0.013 0.026 0.020 0.030 0.027 0.010 0.028 0.010 0.052  0.9030
0.027 0.021 0.022 0.019 0.003 0.007 0.012 0.018 0.006 0.003 0.010 0.006 0.001 0.005 0.007 0.651 0.103 0.001 0.006 0.006 0.066  0.4825
0.081 0.032 0.014 0.164 0.003 0.033 0.102 0.091 0.009 0.012 0.017 0.024 0.005 0.009 0.095 0.110 0.074 0.004 0.014 0.018 0.091  0.8542
0.076 0.111 0.019 0.032 0.006 0.024 0.031 0.118 0.035 0.019 0.038 0.092 0.010 0.018 0.100 0.037 0.030 0.025 0.015 0.037 0.127  0.9053
0.057 0.045 0.021 0.058 0.004 0.019 0.043 0.047 0.016 0.022 0.054 0.034 0.009 0.014 0.170 0.047 0.038 0.005 0.009 0.031 0.255  0.8382
0.058 0.039 0.025 0.058 0.004 0.017 0.036 0.037 0.013 0.013 0.024 0.027 0.005 0.029 0.083 0.042 0.037 0.006 0.016 0.023 0.408  0.7624
0.040 0.020 0.015 0.035 0.004 0.014 0.033 0.047 0.013 0.019 0.043 0.016 0.007 0.030 0.034 0.030 0.025 0.016 0.053 0.019 0.487  0.7091
0.033 0.028 0.024 0.082 0.001 0.016 0.032 0.041 0.024 0.007 0.023 0.020 0.004 0.007 0.029 0.043 0.035 0.004 0.012 0.011 0.524  0.6524
0.049 0.026 0.011 0.035 0.002 0.014 0.033 0.027 0.009 0.024 0.040 0.021 0.009 0.035 0.075 0.028 0.027 0.007 0.020 0.030 0.478  0.7089
0.051 0.031 0.027 0.066 0.004 0.022 0.053 0.075 0.015 0.011 0.026 0.020 0.007 0.007 0.041 0.041 0.038 0.003 0.007 0.019 0.435  0.7310
0.068 0.065 0.024 0.061 0.004 0.030 0.051 0.065 0.018 0.013 0.022 0.040 0.006 0.011 0.049 0.047 0.039 0.005 0.012 0.021 0.350  0.8024
0.040 0.027 0.019 0.049 0.007 0.015 0.033 0.048 0.019 0.021 0.041 0.016 0.010 0.039 0.064 0.033 0.028 0.018 0.144 0.030 0.300  0.8326
0.051 0.031 0.019 0.038 0.007 0.019 0.026 0.031 0.019 0.025 0.058 0.014 0.024 0.037 0.039 0.038 0.045 0.015 0.078 0.034 0.352  0.8246
0.029 0.049 0.046 0.086 0.004 0.013 0.019 0.055 0.018 0.006 0.015 0.015 0.007 0.008 0.013 0.220 0.207 0.009 0.008 0.013 0.160  0.7773
0.038 0.013 0.006 0.008 0.005 0.010 0.019 0.015 0.012 0.137 0.207 0.010 0.050 0.080 0.050 0.024 0.031 0.025 0.048 0.094 0.120  0.8434
0.123 0.048 0.025 0.142 0.002 0.049 0.172 0.038 0.019 0.011 0.026 0.038 0.008 0.012 0.052 0.071 0.040 0.005 0.011 0.019 0.090  0.8647
0.105 0.063 0.034 0.179 0.004 0.064 0.088 0.085 0.026 0.014 0.054 0.021 0.010 0.018 0.007 0.054 0.060 0.003 0.012 0.025 0.075  0.8813
0.041 0.015 0.013 0.028 0.015 0.067 0.032 0.010 0.045 0.044 0.165 0.004 0.107 0.097 0.003 0.015 0.017 0.066 0.130 0.036 0.050  0.8782
0.396 0.023 0.006 0.006 0.014 0.014 0.010 0.042 0.006 0.055 0.056 0.013 0.013 0.012 0.009 0.048 0.052 0.006 0.018 0.174 0.028  0.7152
0.143 0.094 0.039 0.201 0.003 0.068 0.159 0.037 0.018 0.008 0.027 0.056 0.007 0.005 0.004 0.051 0.031 0.003 0.010 0.015 0.022  0.8166
0.079 0.032 0.015 0.486 0.007 0.044 0.051 0.014 0.020 0.019 0.043 0.008 0.013 0.024 0.006 0.028 0.023 0.024 0.016 0.031 0.015  0.7002
0.101 0.001 0.003 0.001 0.013 0.003 0.002 0.012 0.002 0.157 0.324 0.002 0.027 0.032 0.001 0.010 0.036 0.004 0.021 0.232 0.015  0.6461
0.167 0.078 0.027 0.044 0.011 0.028 0.095 0.026 0.039 0.078 0.143 0.053 0.011 0.013 0.008 0.031 0.027 0.005 0.017 0.086 0.015  0.8790
0.282 0.063 0.025 0.097 0.009 0.063 0.149 0.056 0.022 0.007 0.026 0.040 0.006 0.009 0.005 0.056 0.037 0.004 0.008 0.015 0.021  0.8020
0.106 0.007 0.003 0.006 0.005 0.015 0.016 0.018 0.005 0.076 0.282 0.005 0.019 0.122 0.001 0.014 0.026 0.027 0.022 0.202 0.021  0.7362
0.076 0.027 0.002 0.002 0.019 0.006 0.004 0.004 0.003 0.202 0.336 0.006 0.071 0.025 0.005 0.009 0.017 0.011 0.017 0.130 0.029  0.6921
0.091 0.090 0.045 0.275 0.002 0.058 0.137 0.026 0.021 0.008 0.022 0.074 0.003 0.002 0.008 0.039 0.038 0.000 0.003 0.014 0.042  0.7910
0.192 0.066 0.015 0.035 0.003 0.069 0.096 0.028 0.095 0.011 0.028 0.061 0.006 0.027 0.005 0.048 0.046 0.019 0.044 0.026 0.079  0.8866
0.062 0.019 0.014 0.005 0.008 0.020 0.032 0.008 0.017 0.057 0.437 0.016 0.024 0.052 0.003 0.011 0.024 0.005 0.020 0.080 0.086  0.7147
0.056 0.046 0.059 0.079 0.006 0.040 0.046 0.285 0.025 0.019 0.022 0.074 0.004 0.005 0.023 0.037 0.019 0.001 0.005 0.025 0.122  0.8187
0.050 0.022 0.020 0.039 0.010 0.024 0.031 0.062 0.016 0.148 0.190 0.033 0.006 0.019 0.045 0.032 0.021 0.016 0.020 0.088 0.109  0.8760
0.054 0.076 0.035 0.113 0.003 0.055 0.146 0.104 0.019 0.007 0.015 0.090 0.003 0.002 0.051 0.060 0.047 0.001 0.005 0.014 0.101  0.8583
0.032 0.183 0.050 0.055 0.003 0.058 0.043 0.022 0.018 0.005 0.005 0.178 0.002 0.005 0.194 0.060 0.028 0.001 0.004 0.009 0.045  0.7892
0.179 0.010 0.006 0.012 0.034 0.005 0.004 0.005 0.006 0.121 0.077 0.004 0.012 0.101 0.083 0.011 0.024 0.010 0.022 0.262 0.012  0.7549
0.083 0.011 0.026 0.049 0.012 0.004 0.002 0.036 0.143 0.154 0.045 0.003 0.007 0.051 0.006 0.038 0.070 0.007 0.050 0.200 0.002  0.8139
0.034 0.001 0.000 0.000 0.004 0.000 0.000 0.016 0.001 0.148 0.463 0.000 0.014 0.042 0.005 0.002 0.004 0.016 0.015 0.230 0.002  0.5270
0.080 0.001 0.002 0.001 0.024 0.001 0.001 0.020 0.008 0.172 0.148 0.000 0.044 0.049 0.000 0.006 0.006 0.007 0.021 0.409 0.001  0.6140
0.094 0.000 0.000 0.000 0.006 0.000 0.000 0.853 0.000 0.002 0.003 0.000 0.004 0.000 0.001 0.017 0.007 0.000 0.000 0.009 0.001  0.2040
0.031 0.010 0.056 0.003 0.008 0.032 0.015 0.012 0.469 0.029 0.061 0.002 0.013 0.066 0.004 0.028 0.032 0.050 0.041 0.039 0.001  0.6949
0.014 0.001 0.002 0.062 0.008 0.001 0.001 0.021 0.001 0.000 0.001 0.000 0.001 0.001 0.000 0.880 0.002 0.000 0.001 0.001 0.002  0.1851
0.033 0.010 0.006 0.020 0.002 0.021 0.011 0.021 0.006 0.034 0.237 0.002 0.299 0.093 0.001 0.017 0.019 0.070 0.073 0.024 0.002  0.7214
0.019 0.001 0.001 0.002 0.000 0.000 0.001 0.945 0.001 0.000 0.001 0.000 0.000 0.000 0.001 0.023 0.002 0.000 0.000 0.001 0.002  0.1019
0.212 0.000 0.003 0.003 0.022 0.001 0.000 0.635 0.000 0.001 0.003 0.000 0.001 0.002 0.001 0.066 0.037 0.000 0.000 0.010 0.003  0.3833
0.161 0.036 0.036 0.005 0.011 0.030 0.006 0.054 0.017 0.061 0.134 0.024 0.097 0.045 0.036 0.049 0.048 0.030 0.055 0.065 0.003  0.8975
0.074 0.002 0.005 0.002 0.005 0.011 0.007 0.004 0.007 0.262 0.154 0.001 0.025 0.018 0.014 0.022 0.068 0.006 0.017 0.293 0.002  0.6651
0.540 0.001 0.003 0.000 0.016 0.001 0.000 0.107 0.001 0.045 0.043 0.000 0.012 0.004 0.001 0.085 0.054 0.002 0.001 0.084 0.001  0.5365
0.107 0.012 0.006 0.007 0.013 0.087 0.009 0.022 0.004 0.072 0.315 0.002 0.085 0.029 0.008 0.044 0.066 0.021 0.022 0.063 0.005  0.7799
0.130 0.098 0.038 0.039 0.009 0.065 0.107 0.028 0.053 0.040 0.126 0.040 0.037 0.015 0.005 0.035 0.032 0.020 0.044 0.038 0.002  0.9087
0.176 0.003 0.001 0.001 0.018 0.004 0.004 0.011 0.009 0.059 0.247 0.001 0.052 0.111 0.001 0.017 0.038 0.021 0.129 0.091 0.007  0.7415
0.582 0.004 0.006 0.005 0.013 0.009 0.011 0.037 0.006 0.024 0.102 0.003 0.022 0.007 0.003 0.043 0.041 0.004 0.010 0.056 0.013  0.5657
0.226 0.056 0.019 0.021 0.010 0.036 0.050 0.043 0.025 0.059 0.163 0.029 0.018 0.009 0.006 0.070 0.037 0.002 0.015 0.058 0.050  0.8543
0.080 0.193 0.032 0.060 0.003 0.074 0.083 0.019 0.036 0.016 0.083 0.086 0.022 0.015 0.005 0.037 0.051 0.004 0.025 0.015 0.063  0.8828
0.076 0.097 0.044 0.035 0.008 0.028 0.034 0.040 0.180 0.015 0.047 0.022 0.011 0.055 0.018 0.028 0.015 0.009 0.139 0.016 0.082  0.8843
0.040 0.034 0.016 0.023 0.003 0.024 0.024 0.047 0.010 0.005 0.018 0.027 0.002 0.004 0.565 0.038 0.019 0.001 0.004 0.008 0.088  0.5969
0.054 0.027 0.039 0.181 0.003 0.057 0.225 0.075 0.034 0.010 0.023 0.036 0.003 0.007 0.028 0.048 0.026 0.002 0.007 0.017 0.098  0.8230
0.047 0.294 0.030 0.032 0.005 0.036 0.030 0.025 0.019 0.023 0.135 0.081 0.018 0.008 0.034 0.031 0.022 0.005 0.017 0.028 0.078  0.8261
0.043 0.003 0.005 0.003 0.015 0.002 0.002 0.005 0.002 0.173 0.109 0.004 0.006 0.080 0.020 0.006 0.026 0.006 0.016 0.430 0.043  0.6322
0.147 0.156 0.032 0.083 0.008 0.037 0.073 0.043 0.023 0.016 0.042 0.119 0.004 0.002 0.007 0.112 0.045 0.001 0.006 0.023 0.021  0.8462
0.164 0.136 0.010 0.005 0.012 0.019 0.008 0.243 0.031 0.003 0.010 0.125 0.004 0.009 0.004 0.157 0.026 0.002 0.005 0.007 0.018  0.7252
0.090 0.002 0.002 0.000 0.009 0.004 0.001 0.017 0.002 0.094 0.497 0.002 0.035 0.024 0.001 0.007 0.014 0.004 0.020 0.158 0.016  0.5744
0.092 0.001 0.003 0.001 0.018 0.001 0.000 0.019 0.003 0.239 0.051 0.001 0.020 0.027 0.001 0.018 0.062 0.003 0.004 0.429 0.007  0.5885
0.075 0.001 0.006 0.004 0.013 0.004 0.004 0.028 0.002 0.070 0.499 0.000 0.034 0.047 0.008 0.040 0.030 0.003 0.035 0.091 0.007  0.6305
0.063 0.004 0.018 0.014 0.024 0.008 0.028 0.016 0.006 0.204 0.194 0.001 0.051 0.035 0.001 0.048 0.032 0.010 0.020 0.216 0.009  0.7639
0.201 0.002 0.108 0.171 0.042 0.003 0.051 0.161 0.003 0.005 0.004 0.001 0.009 0.003 0.003 0.178 0.018 0.001 0.006 0.012 0.018  0.7114
0.166 0.001 0.007 0.008 0.018 0.025 0.003 0.105 0.002 0.031 0.011 0.001 0.012 0.007 0.291 0.116 0.125 0.001 0.003 0.035 0.033  0.7163
0.192 0.010 0.034 0.009 0.010 0.011 0.006 0.081 0.013 0.033 0.051 0.004 0.033 0.049 0.106 0.112 0.065 0.018 0.022 0.081 0.058  0.8687
0.116 0.009 0.011 0.010 0.013 0.006 0.006 0.103 0.015 0.047 0.096 0.006 0.018 0.037 0.201 0.044 0.045 0.008 0.023 0.068 0.118  0.8393
0.056 0.089 0.036 0.051 0.018 0.022 0.031 0.071 0.030 0.036 0.064 0.045 0.015 0.054 0.053 0.058 0.033 0.011 0.035 0.052 0.140  0.9491
0.062 0.030 0.021 0.030 0.004 0.017 0.023 0.064 0.014 0.049 0.088 0.021 0.035 0.076 0.092 0.046 0.035 0.023 0.048 0.045 0.178  0.9165
0.062 0.042 0.020 0.045 0.004 0.022 0.040 0.052 0.013 0.052 0.109 0.025 0.022 0.036 0.060 0.042 0.041 0.014 0.025 0.055 0.219  0.8987
0.069 0.061 0.049 0.060 0.003 0.030 0.059 0.055 0.014 0.015 0.040 0.041 0.011 0.017 0.081 0.054 0.045 0.011 0.012 0.030 0.245  0.8767
0.060 0.048 0.032 0.065 0.006 0.021 0.052 0.047 0.019 0.031 0.048 0.032 0.015 0.020 0.075 0.056 0.051 0.008 0.009 0.030 0.275  0.8671
0.073 0.039 0.020 0.043 0.005 0.021 0.060 0.063 0.012 0.022 0.051 0.033 0.016 0.017 0.094 0.045 0.033 0.013 0.011 0.035 0.294  0.8459
0.065 0.047 0.028 0.068 0.002 0.030 0.053 0.051 0.010 0.019 0.040 0.034 0.012 0.017 0.048 0.047 0.034 0.008 0.011 0.026 0.351  0.8108
0.052 0.031 0.015 0.020 0.003 0.019 0.029 0.030 0.018 0.028 0.061 0.017 0.018 0.046 0.028 0.026 0.025 0.049 0.066 0.038 0.381  0.7999
0.045 0.041 0.019 0.026 0.002 0.030 0.028 0.023 0.016 0.036 0.069 0.026 0.022 0.041 0.077 0.028 0.031 0.013 0.026 0.033 0.369  0.8083
0.080 0.050 0.023 0.035 0.007 0.028 0.042 0.068 0.015 0.016 0.041 0.035 0.010 0.021 0.042 0.041 0.029 0.015 0.017 0.023 0.362  0.8093
0.079 0.041 0.017 0.022 0.002 0.020 0.032 0.127 0.009 0.021 0.049 0.028 0.011 0.021 0.041 0.036 0.030 0.013 0.010 0.025 0.366  0.7775
0.050 0.029 0.008 0.012 0.003 0.018 0.019 0.017 0.007 0.044 0.110 0.017 0.038 0.082 0.028 0.023 0.021 0.027 0.038 0.052 0.357  0.7892
0.074 0.055 0.018 0.030 0.003 0.034 0.050 0.032 0.008 0.031 0.060 0.038 0.020 0.017 0.038 0.056 0.048 0.007 0.012 0.032 0.338  0.8214
0.061 0.100 0.019 0.029 0.002 0.041 0.046 0.029 0.012 0.021 0.052 0.049 0.014 0.015 0.048 0.034 0.027 0.011 0.011 0.029 0.353  0.8026
0.090 0.058 0.020 0.035 0.001 0.023 0.059 0.026 0.013 0.018 0.051 0.049 0.011 0.018 0.054 0.040 0.026 0.008 0.014 0.027 0.358  0.7985
0.065 0.046 0.022 0.064 0.004 0.035 0.052 0.036 0.012 0.035 0.066 0.028 0.018 0.028 0.021 0.040 0.039 0.010 0.014 0.051 0.315  0.8438
0.076 0.057 0.013 0.013 0.004 0.018 0.016 0.022 0.006 0.054 0.132 0.020 0.040 0.056 0.027 0.021 0.027 0.018 0.018 0.061 0.301  0.8191
0.083 0.060 0.025 0.071 0.002 0.035 0.068 0.033 0.012 0.023 0.063 0.043 0.011 0.022 0.041 0.042 0.030 0.006 0.012 0.027 0.291  0.8454
0.095 0.072 0.028 0.043 0.004 0.043 0.058 0.049 0.014 0.017 0.043 0.049 0.013 0.014 0.045 0.069 0.040 0.010 0.010 0.022 0.259  0.8646
0.076 0.035 0.007 0.015 0.006 0.018 0.019 0.022 0.010 0.058 0.167 0.017 0.049 0.067 0.020 0.024 0.034 0.018 0.022 0.063 0.252  0.8362
0.071 0.046 0.011 0.013 0.005 0.018 0.021 0.025 0.012 0.057 0.167 0.028 0.027 0.058 0.033 0.034 0.024 0.018 0.021 0.060 0.251  0.8440
0.101 0.083 0.027 0.065 0.002 0.042 0.094 0.042 0.014 0.012 0.033 0.058 0.010 0.011 0.032 0.051 0.033 0.005 0.009 0.018 0.259  0.8420
0.092 0.057 0.024 0.033 0.004 0.037 0.035 0.055 0.012 0.026 0.068 0.045 0.030 0.028 0.028 0.062 0.041 0.016 0.020 0.040 0.248  0.8871
0.076 0.032 0.010 0.016 0.006 0.016 0.014 0.025 0.011 0.066 0.177 0.016 0.053 0.051 0.020 0.030 0.032 0.021 0.028 0.066 0.237  0.8424
0.087 0.078 0.020 0.042 0.003 0.034 0.076 0.047 0.011 0.027 0.057 0.046 0.015 0.024 0.037 0.045 0.024 0.007 0.012 0.034 0.272  0.8591
0.078 0.064 0.025 0.043 0.001 0.038 0.068 0.051 0.019 0.017 0.052 0.050 0.011 0.027 0.040 0.046 0.038 0.007 0.017 0.025 0.281  0.8592
0.073 0.064 0.072 0.071 0.004 0.026 0.035 0.047 0.018 0.025 0.062 0.050 0.014 0.026 0.024 0.045 0.035 0.010 0.023 0.033 0.242  0.8873
0.065 0.052 0.014 0.019 0.003 0.017 0.020 0.028 0.013 0.045 0.087 0.025 0.023 0.092 0.044 0.024 0.025 0.030 0.083 0.050 0.241  0.8746
0.087 0.066 0.024 0.036 0.003 0.032 0.054 0.042 0.012 0.037 0.075 0.057 0.013 0.032 0.056 0.044 0.036 0.006 0.013 0.042 0.233  0.8861
0.096 0.085 0.030 0.051 0.003 0.039 0.051 0.061 0.016 0.021 0.047 0.048 0.011 0.017 0.043 0.061 0.039 0.005 0.013 0.028 0.234  0.8780
0.065 0.035 0.015 0.017 0.003 0.019 0.025 0.032 0.012 0.034 0.091 0.022 0.027 0.073 0.025 0.027 0.028 0.129 0.039 0.039 0.240  0.8662
0.073 0.043 0.017 0.029 0.008 0.023 0.030 0.034 0.012 0.047 0.112 0.027 0.031 0.054 0.025 0.043 0.040 0.007 0.021 0.056 0.269  0.8642
0.092 0.068 0.024 0.032 0.004 0.027 0.046 0.041 0.015 0.028 0.057 0.049 0.016 0.028 0.041 0.061 0.046 0.009 0.014 0.033 0.271  0.8682
0.075 0.067 0.025 0.032 0.003 0.025 0.036 0.054 0.018 0.028 0.063 0.040 0.017 0.026 0.037 0.042 0.033 0.009 0.019 0.035 0.315  0.8451
0.047 0.032 0.016 0.015 0.004 0.014 0.014 0.027 0.012 0.041 0.096 0.018 0.031 0.121 0.023 0.027 0.026 0.018 0.039 0.049 0.330  0.8077
0.100 0.045 0.020 0.031 0.005 0.023 0.023 0.044 0.016 0.033 0.078 0.029 0.016 0.027 0.027 0.041 0.035 0.011 0.020 0.041 0.336  0.8231
0.071 0.059 0.019 0.037 0.002 0.025 0.043 0.032 0.012 0.015 0.035 0.036 0.011 0.012 0.158 0.041 0.024 0.006 0.014 0.018 0.329  0.7886
0.067 0.051 0.026 0.038 0.004 0.027 0.041 0.044 0.018 0.030 0.076 0.036 0.018 0.027 0.022 0.039 0.039 0.014 0.019 0.035 0.328  0.8411
0.056 0.032 0.012 0.018 0.007 0.020 0.019 0.022 0.011 0.046 0.114 0.022 0.032 0.069 0.021 0.026 0.027 0.019 0.040 0.059 0.326  0.8209
0.057 0.032 0.013 0.020 0.007 0.015 0.016 0.029 0.013 0.043 0.108 0.026 0.033 0.060 0.033 0.028 0.028 0.010 0.024 0.063 0.339  0.8145
0.071 0.046 0.038 0.036 0.005 0.021 0.032 0.094 0.020 0.011 0.028 0.039 0.008 0.016 0.043 0.053 0.036 0.004 0.021 0.016 0.363  0.7939
0.067 0.047 0.031 0.043 0.009 0.027 0.042 0.066 0.025 0.021 0.031 0.034 0.008 0.016 0.053 0.051 0.030 0.004 0.016 0.025 0.355  0.8138
0.057 0.044 0.028 0.075 0.004 0.020 0.038 0.042 0.014 0.020 0.054 0.033 0.011 0.017 0.071 0.056 0.036 0.009 0.015 0.027 0.327  0.8284
0.059 0.042 0.025 0.058 0.006 0.019 0.037 0.025 0.014 0.037 0.100 0.030 0.024 0.029 0.039 0.039 0.037 0.011 0.012 0.043 0.314  0.8420
0.051 0.071 0.035 0.096 0.004 0.024 0.048 0.033 0.018 0.019 0.034 0.028 0.009 0.018 0.062 0.067 0.055 0.013 0.015 0.021 0.281  0.8519
0.074 0.051 0.019 0.072 0.002 0.030 0.080 0.029 0.012 0.015 0.027 0.046 0.006 0.012 0.138 0.051 0.031 0.006 0.012 0.021 0.265  0.8283
0.093 0.048 0.024 0.072 0.003 0.037 0.128 0.041 0.015 0.017 0.039 0.032 0.009 0.016 0.036 0.041 0.028 0.007 0.009 0.033 0.272  0.8376
0.084 0.039 0.017 0.040 0.005 0.027 0.048 0.027 0.016 0.052 0.100 0.025 0.020 0.038 0.019 0.034 0.045 0.011 0.025 0.084 0.245  0.8760
0.067 0.084 0.014 0.025 0.004 0.029 0.028 0.023 0.013 0.054 0.115 0.036 0.023 0.043 0.019 0.030 0.030 0.025 0.024 0.083 0.230  0.8772
0.103 0.088 0.026 0.080 0.003 0.063 0.106 0.028 0.022 0.016 0.040 0.049 0.009 0.016 0.027 0.036 0.027 0.006 0.019 0.026 0.211  0.8707
0.115 0.091 0.021 0.070 0.004 0.047 0.110 0.035 0.020 0.023 0.056 0.042 0.013 0.034 0.024 0.034 0.034 0.014 0.020 0.031 0.163  0.9033
0.058 0.030 0.016 0.011 0.004 0.020 0.018 0.017 0.014 0.062 0.170 0.017 0.036 0.082 0.009 0.022 0.023 0.049 0.101 0.069 0.172  0.8659
0.119 0.069 0.016 0.022 0.014 0.028 0.040 0.031 0.013 0.051 0.100 0.032 0.026 0.026 0.014 0.043 0.030 0.011 0.026 0.075 0.214  0.8842
0.104 0.112 0.025 0.053 0.003 0.054 0.079 0.040 0.018 0.016 0.036 0.056 0.011 0.012 0.019 0.054 0.044 0.007 0.021 0.023 0.214  0.8727
0.080 0.063 0.040 0.047 0.007 0.032 0.039 0.035 0.023 0.022 0.070 0.036 0.041 0.014 0.039 0.059 0.048 0.026 0.021 0.028 0.228  0.9067
0.067 0.029 0.014 0.017 0.007 0.021 0.017 0.031 0.015 0.055 0.137 0.024 0.043 0.075 0.012 0.032 0.028 0.027 0.055 0.050 0.245  0.8648
0.072 0.063 0.019 0.021 0.023 0.028 0.031 0.030 0.016 0.027 0.095 0.031 0.028 0.065 0.017 0.036 0.031 0.032 0.041 0.039 0.254  0.8891
0.086 0.103 0.040 0.046 0.004 0.037 0.043 0.048 0.021 0.013 0.038 0.044 0.012 0.009 0.032 0.069 0.043 0.005 0.012 0.024 0.271  0.8499
0.060 0.044 0.033 0.031 0.012 0.045 0.026 0.027 0.017 0.034 0.065 0.031 0.034 0.036 0.033 0.050 0.072 0.009 0.022 0.047 0.271  0.8848
0.050 0.070 0.051 0.128 0.005 0.023 0.038 0.057 0.024 0.014 0.036 0.028 0.010 0.013 0.064 0.067 0.038 0.008 0.013 0.022 0.240  0.8634
0.076 0.065 0.013 0.037 0.005 0.032 0.039 0.039 0.015 0.021 0.048 0.033 0.011 0.013 0.206 0.036 0.027 0.007 0.012 0.036 0.227  0.8350
0.097 0.054 0.025 0.075 0.003 0.042 0.119 0.062 0.024 0.024 0.049 0.036 0.010 0.019 0.027 0.046 0.034 0.007 0.015 0.037 0.192  0.8906
0.113 0.034 0.022 0.021 0.007 0.019 0.021 0.057 0.015 0.077 0.093 0.018 0.024 0.041 0.025 0.055 0.045 0.016 0.022 0.078 0.197  0.8921
0.129 0.047 0.018 0.018 0.006 0.027 0.034 0.039 0.012 0.045 0.104 0.023 0.035 0.038 0.031 0.038 0.049 0.012 0.039 0.063 0.195  0.8955
0.120 0.109 0.027 0.043 0.011 0.034 0.048 0.036 0.021 0.034 0.081 0.053 0.013 0.016 0.017 0.045 0.039 0.006 0.021 0.040 0.186  0.8951
0.114 0.055 0.041 0.039 0.009 0.093 0.052 0.059 0.022 0.025 0.041 0.037 0.012 0.013 0.032 0.063 0.027 0.008 0.024 0.032 0.201  0.8982
0.076 0.022 0.013 0.012 0.013 0.017 0.014 0.033 0.010 0.073 0.165 0.009 0.046 0.108 0.014 0.033 0.040 0.016 0.052 0.060 0.176  0.8666
0.096 0.038 0.020 0.029 0.020 0.022 0.030 0.044 0.017 0.038 0.114 0.020 0.035 0.064 0.026 0.040 0.041 0.018 0.051 0.043 0.193  0.9131
0.106 0.158 0.032 0.049 0.003 0.037 0.064 0.050 0.017 0.021 0.041 0.061 0.009 0.010 0.030 0.039 0.032 0.006 0.018 0.027 0.189  0.8711
0.123 0.025 0.027 0.046 0.009 0.038 0.052 0.042 0.015 0.042 0.081 0.022 0.028 0.027 0.017 0.058 0.047 0.016 0.016 0.045 0.223  0.8907
0.075 0.036 0.030 0.023 0.012 0.022 0.025 0.044 0.019 0.070 0.140 0.023 0.041 0.041 0.023 0.037 0.037 0.019 0.018 0.057 0.208  0.8957
0.090 0.052 0.027 0.037 0.009 0.025 0.031 0.038 0.017 0.030 0.093 0.025 0.029 0.069 0.029 0.048 0.037 0.018 0.032 0.047 0.217  0.9065
0.089 0.074 0.038 0.060 0.005 0.034 0.048 0.069 0.028 0.026 0.068 0.035 0.016 0.027 0.034 0.063 0.055 0.009 0.018 0.029 0.173  0.9211
0.068 0.042 0.020 0.040 0.005 0.034 0.056 0.031 0.032 0.039 0.070 0.022 0.017 0.073 0.053 0.048 0.049 0.022 0.051 0.046 0.182  0.9324
0.045 0.045 0.053 0.295 0.005 0.021 0.052 0.035 0.016 0.015 0.029 0.029 0.007 0.012 0.055 0.056 0.035 0.005 0.011 0.024 0.155  0.8166
0.065 0.035 0.020 0.025 0.009 0.023 0.024 0.026 0.016 0.060 0.174 0.012 0.027 0.043 0.061 0.052 0.047 0.049 0.032 0.073 0.125  0.9156
0.079 0.157 0.017 0.044 0.005 0.029 0.067 0.039 0.016 0.031 0.077 0.044 0.014 0.020 0.048 0.057 0.062 0.027 0.023 0.044 0.102  0.9235
0.116 0.061 0.034 0.115 0.002 0.043 0.125 0.043 0.025 0.014 0.034 0.059 0.005 0.018 0.095 0.057 0.030 0.002 0.010 0.021 0.089  0.8915
0.097 0.110 0.034 0.088 0.007 0.045 0.077 0.030 0.026 0.031 0.089 0.044 0.014 0.025 0.027 0.036 0.031 0.014 0.032 0.046 0.095  0.9354
0.089 0.012 0.005 0.008 0.006 0.006 0.011 0.012 0.006 0.084 0.413 0.008 0.027 0.042 0.019 0.012 0.015 0.023 0.043 0.070 0.089  0.7178
0.149 0.090 0.028 0.048 0.010 0.042 0.070 0.077 0.031 0.014 0.026 0.090 0.003 0.006 0.105 0.088 0.032 0.003 0.009 0.014 0.067  0.8843
0.100 0.127 0.058 0.059 0.004 0.076 0.082 0.049 0.026 0.007 0.031 0.119 0.006 0.009 0.029 0.072 0.049 0.012 0.009 0.013 0.062  0.8954
0.036 0.015 0.010 0.009 0.009 0.007 0.007 0.018 0.006 0.315 0.188 0.012 0.016 0.043 0.016 0.028 0.024 0.009 0.031 0.137 0.064  0.7473
0.065 0.107 0.049 0.086 0.003 0.063 0.054 0.043 0.030 0.007 0.015 0.113 0.005 0.004 0.045 0.080 0.143 0.001 0.004 0.013 0.069  0.8704
0.115 0.028 0.011 0.006 0.106 0.035 0.006 0.049 0.015 0.105 0.070 0.036 0.037 0.014 0.017 0.024 0.064 0.002 0.005 0.230 0.025  0.8385
0.015 0.038 0.012 0.020 0.001 0.011 0.022 0.005 0.006 0.001 0.003 0.034 0.001 0.000 0.784 0.018 0.006 0.000 0.001 0.002 0.022  0.3472
0.072 0.013 0.002 0.001 0.020 0.004 0.002 0.011 0.004 0.088 0.089 0.016 0.024 0.019 0.003 0.038 0.282 0.002 0.008 0.295 0.008  0.6745
0.034 0.025 0.003 0.006 0.009 0.023 0.009 0.008 0.036 0.026 0.582 0.008 0.029 0.035 0.001 0.017 0.061 0.016 0.025 0.039 0.009  0.5997
0.048 0.002 0.002 0.001 0.010 0.003 0.001 0.006 0.008 0.223 0.220 0.001 0.026 0.093 0.000 0.008 0.009 0.009 0.044 0.278 0.008  0.6443
0.037 0.002 0.001 0.001 0.008 0.005 0.001 0.008 0.002 0.330 0.249 0.001 0.046 0.040 0.001 0.004 0.014 0.014 0.007 0.222 0.008  0.5941
0.106 0.052 0.025 0.006 0.023 0.066 0.010 0.050 0.185 0.024 0.040 0.010 0.014 0.030 0.003 0.045 0.049 0.121 0.061 0.072 0.009  0.8793
0.121 0.005 0.004 0.015 0.025 0.001 0.001 0.702 0.001 0.001 0.005 0.000 0.001 0.004 0.014 0.065 0.018 0.002 0.001 0.005 0.009  0.3907
0.100 0.079 0.016 0.123 0.002 0.035 0.200 0.074 0.005 0.009 0.033 0.071 0.016 0.003 0.011 0.078 0.108 0.004 0.003 0.018 0.013  0.8236
0.083 0.098 0.080 0.122 0.006 0.085 0.119 0.041 0.068 0.007 0.046 0.110 0.007 0.012 0.010 0.036 0.014 0.007 0.023 0.010 0.017  0.8760
0.012 0.004 0.010 0.786 0.001 0.003 0.026 0.017 0.003 0.002 0.002 0.003 0.001 0.002 0.008 0.088 0.011 0.001 0.002 0.003 0.016  0.3205
0.069 0.130 0.030 0.060 0.004 0.056 0.059 0.040 0.028 0.032 0.051 0.071 0.014 0.020 0.131 0.033 0.059 0.017 0.021 0.046 0.026  0.9291
0.071 0.017 0.017 0.019 0.009 0.021 0.018 0.018 0.007 0.143 0.157 0.009 0.047 0.068 0.023 0.032 0.054 0.022 0.048 0.161 0.039  0.8701
0.058 0.014 0.016 0.013 0.032 0.009 0.008 0.018 0.011 0.140 0.099 0.008 0.020 0.064 0.009 0.033 0.097 0.012 0.023 0.274 0.041  0.8107
0.035 0.036 0.037 0.074 0.004 0.015 0.019 0.037 0.019 0.010 0.034 0.024 0.008 0.010 0.396 0.099 0.060 0.004 0.009 0.017 0.052  0.7561
0.083 0.041 0.016 0.030 0.007 0.021 0.048 0.021 0.017 0.051 0.090 0.036 0.012 0.038 0.216 0.041 0.028 0.013 0.037 0.107 0.048  0.8904
0.158 0.064 0.020 0.089 0.003 0.049 0.182 0.038 0.027 0.013 0.016 0.064 0.004 0.006 0.027 0.101 0.038 0.008 0.014 0.024 0.054  0.8579
0.105 0.023 0.050 0.058 0.021 0.052 0.053 0.057 0.076 0.041 0.082 0.013 0.046 0.026 0.013 0.068 0.049 0.014 0.034 0.065 0.052  0.9574
0.245 0.022 0.012 0.011 0.011 0.067 0.020 0.107 0.015 0.038 0.062 0.015 0.025 0.015 0.013 0.118 0.045 0.004 0.013 0.076 0.064  0.8418
0.079 0.162 0.022 0.072 0.003 0.079 0.176 0.022 0.027 0.021 0.048 0.086 0.008 0.012 0.028 0.024 0.026 0.004 0.024 0.027 0.051  0.8688
0.123 0.139 0.019 0.046 0.003 0.049 0.112 0.022 0.023 0.028 0.063 0.067 0.019 0.037 0.014 0.029 0.031 0.028 0.056 0.033 0.057  0.9187
0.073 0.010 0.008 0.003 0.006 0.008 0.009 0.005 0.004 0.132 0.313 0.007 0.103 0.086 0.004 0.013 0.036 0.023 0.045 0.070 0.042  0.7580
0.287 0.072 0.021 0.018 0.011 0.047 0.044 0.018 0.054 0.030 0.056 0.068 0.014 0.038 0.007 0.040 0.026 0.003 0.050 0.057 0.038  0.8573
0.155 0.114 0.047 0.087 0.002 0.079 0.139 0.039 0.017 0.005 0.019 0.104 0.005 0.005 0.014 0.066 0.032 0.002 0.004 0.011 0.054  0.8401
0.142 0.111 0.038 0.026 0.009 0.049 0.040 0.046 0.049 0.028 0.122 0.057 0.018 0.017 0.003 0.043 0.038 0.011 0.026 0.035 0.092  0.9097
0.068 0.019 0.024 0.006 0.015 0.009 0.006 0.010 0.014 0.204 0.227 0.009 0.036 0.077 0.013 0.017 0.016 0.021 0.031 0.077 0.101  0.8053
0.067 0.049 0.034 0.031 0.003 0.033 0.035 0.079 0.015 0.010 0.016 0.068 0.003 0.005 0.357 0.052 0.031 0.002 0.004 0.013 0.096  0.7678
0.079 0.051 0.128 0.099 0.008 0.043 0.029 0.149 0.049 0.007 0.016 0.037 0.003 0.005 0.035 0.057 0.027 0.006 0.006 0.013 0.151  0.8560
0.192 0.028 0.036 0.023 0.020 0.018 0.023 0.054 0.017 0.020 0.037 0.047 0.008 0.015 0.055 0.096 0.027 0.005 0.010 0.044 0.225  0.8412
0.105 0.102 0.019 0.034 0.013 0.050 0.079 0.030 0.021 0.020 0.025 0.075 0.004 0.012 0.016 0.079 0.069 0.006 0.010 0.046 0.186  0.8785
0.030 0.085 0.011 0.029 0.005 0.045 0.081 0.014 0.022 0.035 0.106 0.060 0.011 0.034 0.010 0.038 0.057 0.005 0.025 0.063 0.235  0.8653
0.045 0.032 0.004 0.004 0.007 0.013 0.019 0.010 0.027 0.069 0.227 0.031 0.020 0.072 0.007 0.018 0.039 0.013 0.040 0.156 0.146  0.8195
0.050 0.061 0.007 0.016 0.009 0.032 0.128 0.007 0.064 0.077 0.062 0.052 0.011 0.021 0.006 0.029 0.060 0.010 0.026 0.162 0.109  0.8818
0.026 0.039 0.006 0.013 0.006 0.015 0.069 0.006 0.010 0.150 0.134 0.019 0.027 0.031 0.014 0.025 0.071 0.025 0.027 0.195 0.091  0.8435
0.016 0.005 0.004 0.006 0.003 0.005 0.011 0.002 0.014 0.221 0.203 0.004 0.028 0.086 0.009 0.011 0.015 0.011 0.049 0.152 0.147  0.7273
0.076 0.028 0.023 0.104 0.001 0.022 0.173 0.018 0.010 0.007 0.015 0.067 0.002 0.003 0.267 0.035 0.021 0.001 0.003 0.015 0.109  0.7635
0.031 0.036 0.109 0.156 0.003 0.030 0.066 0.316 0.030 0.002 0.004 0.049 0.002 0.004 0.017 0.028 0.023 0.002 0.007 0.003 0.081  0.7479
0.309 0.012 0.005 0.008 0.077 0.013 0.026 0.117 0.006 0.019 0.034 0.007 0.020 0.007 0.004 0.116 0.062 0.003 0.008 0.075 0.072  0.7667
0.061 0.026 0.032 0.050 0.003 0.003 0.011 0.581 0.012 0.002 0.006 0.018 0.003 0.005 0.015 0.068 0.035 0.003 0.013 0.003 0.049  0.5720
0.002 0.004 0.004 0.002 0.001 0.003 0.001 0.002 0.913 0.001 0.004 0.000 0.000 0.002 0.001 0.003 0.003 0.001 0.002 0.001 0.051  0.1498
0.089 0.016 0.041 0.039 0.029 0.012 0.025 0.048 0.021 0.031 0.131 0.003 0.083 0.106 0.008 0.059 0.027 0.065 0.043 0.062 0.060  0.9230
0.077 0.012 0.007 0.013 0.011 0.004 0.006 0.037 0.008 0.091 0.149 0.004 0.032 0.034 0.212 0.040 0.022 0.010 0.004 0.133 0.094  0.8055
0.043 0.009 0.045 0.006 0.013 0.078 0.006 0.007 0.124 0.041 0.061 0.001 0.097 0.095 0.117 0.028 0.038 0.018 0.035 0.035 0.104  0.8868
0.051 0.026 0.018 0.022 0.003 0.030 0.057 0.018 0.025 0.085 0.229 0.010 0.045 0.057 0.011 0.018 0.019 0.033 0.044 0.084 0.114  0.8720
0.025 0.020 0.014 0.153 0.003 0.046 0.362 0.015 0.009 0.007 0.015 0.014 0.007 0.008 0.004 0.064 0.057 0.004 0.006 0.014 0.153  0.7043
0.109 0.093 0.064 0.088 0.012 0.107 0.057 0.016 0.067 0.008 0.015 0.069 0.009 0.013 0.012 0.033 0.017 0.002 0.015 0.020 0.174  0.8646
0.071 0.022 0.013 0.013 0.001 0.011 0.016 0.018 0.010 0.006 0.012 0.018 0.004 0.008 0.498 0.031 0.022 0.006 0.009 0.014 0.197  0.6019
0.091 0.035 0.017 0.156 0.001 0.055 0.195 0.041 0.015 0.007 0.015 0.043 0.003 0.004 0.020 0.025 0.023 0.001 0.004 0.021 0.228  0.7728
0.117 0.070 0.005 0.033 0.001 0.054 0.156 0.024 0.006 0.023 0.072 0.041 0.007 0.009 0.013 0.016 0.029 0.017 0.007 0.051 0.249  0.8091
0.019 0.002 0.002 0.005 0.017 0.005 0.003 0.001 0.002 0.059 0.097 0.002 0.011 0.205 0.002 0.012 0.058 0.006 0.025 0.195 0.272  0.6780
0.198 0.018 0.127 0.010 0.010 0.008 0.011 0.020 0.012 0.043 0.066 0.008 0.009 0.014 0.002 0.030 0.038 0.006 0.010 0.065 0.295  0.7486
0.122 0.081 0.028 0.080 0.001 0.060 0.100 0.026 0.014 0.005 0.011 0.060 0.004 0.002 0.022 0.041 0.029 0.002 0.004 0.007 0.302  0.7715
0.155 0.030 0.006 0.020 0.006 0.020 0.055 0.006 0.022 0.067 0.129 0.021 0.013 0.013 0.004 0.016 0.032 0.006 0.011 0.063 0.306  0.7690
0.016 0.001 0.000 0.000 0.003 0.001 0.000 0.001 0.001 0.214 0.220 0.000 0.025 0.016 0.000 0.004 0.013 0.002 0.006 0.151 0.324  0.5631
0.054 0.086 0.020 0.037 0.007 0.021 0.051 0.019 0.016 0.036 0.125 0.040 0.013 0.009 0.001 0.032 0.039 0.004 0.007 0.042 0.342  0.7822
0.082 0.067 0.033 0.087 0.002 0.038 0.097 0.037 0.013 0.003 0.009 0.038 0.002 0.001 0.015 0.043 0.027 0.001 0.003 0.005 0.398  0.7117
0.029 0.007 0.004 0.002 0.003 0.004 0.007 0.004 0.031 0.017 0.041 0.002 0.007 0.307 0.001 0.006 0.011 0.051 0.014 0.019 0.434  0.5650
0.042 0.004 0.001 0.002 0.009 0.002 0.002 0.003 0.002 0.078 0.247 0.001 0.015 0.036 0.001 0.007 0.011 0.013 0.006 0.054 0.461  0.5625
0.063 0.047 0.026 0.039 0.002 0.034 0.043 0.035 0.007 0.006 0.024 0.044 0.004 0.003 0.005 0.035 0.025 0.001 0.002 0.009 0.546  0.6182
0.021 0.030 0.009 0.013 0.002 0.015 0.024 0.018 0.005 0.004 0.007 0.019 0.002 0.001 0.008 0.021 0.011 0.001 0.002 0.004 0.784  0.3607
0.005 0.003 0.004 0.004 0.001 0.002 0.003 0.003 0.002 0.003 0.008 0.003 0.001 0.001 0.003 0.005 0.004 0.001 0.001 0.004 0.942  0.1266
0.001 0.001 0.000 0.001 0.000 0.000 0.001 0.000 0.001 0.001 0.002 0.001 0.000 0.002 0.000 0.001 0.001 0.000 0.000 0.000 0.986  0.0364
0.001 0.001 0.000 0.001 0.000 0.001 0.001 0.000 0.000 0.000 0.001 0.001 0.000 0.000 0.000 0.000 0.001 0.000 0.000 0.001 0.990  0.0266
0.000 0.000 0.000 0.001 0.000 0.000 0.000 0.000 0.000 0.000 0.000 0.000 0.000 0.000 0.000 0.000 0.000 0.000 0.000 0.000 0.997  0.0107
0.000 0.000 0.000 0.000 0.000 0.000 0.000 0.000 0.000 0.000 0.000 0.000 0.000 0.000 0.000 0.000 0.000 0.000 0.000 0.000 0.998  0.0076
